Stochastic Gradient Boosting 

23101 samples
   28 predictor
    2 classes: 'N', 'Y' 

No pre-processing
Resampling: Cross-Validated (5 fold) 
Summary of sample sizes: 18481, 18481, 18481, 18481, 18480 
Resampling results across tuning parameters:

  shrinkage  interaction.depth  n.minobsinnode  n.trees  ROC        Sens       Spec     
  0.005       5                 45               400     0.7902875  0.9396134  0.3845299
  0.005       5                 45               800     0.8000907  0.9324848  0.4423050
  0.005       5                 45              1600     0.8062954  0.9307174  0.4953500
  0.005       5                 50               400     0.7901872  0.9395546  0.3863246
  0.005       5                 50               800     0.8001425  0.9330151  0.4416520
  0.005       5                 50              1600     0.8062888  0.9305996  0.4958383
  0.005       5                 55               400     0.7896012  0.9392600  0.3873034
  0.005       5                 55               800     0.8001254  0.9329562  0.4395302
  0.005       5                 55              1600     0.8063346  0.9310709  0.4966548
  0.005      10                 45               400     0.8020139  0.9380817  0.4421394
  0.005      10                 45               800     0.8076470  0.9314834  0.4979596
  0.005      10                 45              1600     0.8104279  0.9302461  0.5039975
  0.005      10                 50               400     0.8016821  0.9381996  0.4437727
  0.005      10                 50               800     0.8074789  0.9312477  0.5005701
  0.005      10                 50              1600     0.8101540  0.9302461  0.5041605
  0.005      10                 55               400     0.8015361  0.9386709  0.4437729
  0.005      10                 55               800     0.8074001  0.9316601  0.4981219
  0.005      10                 55              1600     0.8100073  0.9301283  0.5044870
  0.005      14                 45               400     0.8048257  0.9390243  0.4489946
  0.005      14                 45               800     0.8091121  0.9317189  0.4987747
  0.005      14                 45              1600     0.8108373  0.9304228  0.5059552
  0.005      14                 50               400     0.8044001  0.9394957  0.4468730
  0.005      14                 50               800     0.8089999  0.9318957  0.4982860
  0.005      14                 50              1600     0.8108343  0.9305996  0.5059557
  0.005      14                 55               400     0.8044142  0.9393189  0.4485055
  0.005      14                 55               800     0.8089359  0.9319547  0.4958375
  0.005      14                 55              1600     0.8106119  0.9297159  0.5028550
  0.050       5                 45               400     0.8072735  0.9309532  0.4997539
  0.050       5                 45               800     0.8060387  0.9300693  0.4956732
  0.050       5                 45              1600     0.8020058  0.9275949  0.4889815
  0.050       5                 50               400     0.8071284  0.9310709  0.4969779
  0.050       5                 50               800     0.8046862  0.9297747  0.4946927
  0.050       5                 50              1600     0.8016395  0.9280074  0.4912644
  0.050       5                 55               400     0.8073798  0.9320725  0.5033429
  0.050       5                 55               800     0.8056132  0.9305996  0.5010580
  0.050       5                 55              1600     0.8009390  0.9284788  0.4906121
  0.050      10                 45               400     0.8075890  0.9293623  0.5018752
  0.050      10                 45               800     0.8030540  0.9271826  0.4969792
  0.050      10                 45              1600     0.7954023  0.9231765  0.4901222
  0.050      10                 50               400     0.8082144  0.9293035  0.5015488
  0.050      10                 50               800     0.8038858  0.9261221  0.4948578
  0.050      10                 50              1600     0.7952715  0.9226461  0.4894713
  0.050      10                 55               400     0.8070760  0.9294803  0.5005705
  0.050      10                 55               800     0.8022563  0.9258276  0.4966535
  0.050      10                 55              1600     0.7945475  0.9233533  0.4878377
  0.050      14                 45               400     0.8057669  0.9274182  0.4995900
  0.050      14                 45               800     0.7998603  0.9234120  0.4925714
  0.050      14                 45              1600     0.7913660  0.9192293  0.4862053
  0.050      14                 50               400     0.8049223  0.9268291  0.4961622
  0.050      14                 50               800     0.7993527  0.9235889  0.4928992
  0.050      14                 50              1600     0.7903108  0.9186403  0.4855526
  0.050      14                 55               400     0.8054410  0.9277130  0.4979596
  0.050      14                 55               800     0.7996920  0.9244138  0.4917571
  0.050      14                 55              1600     0.7905702  0.9189937  0.4850663

ROC was used to select the optimal model using the largest value.
The final values used for the model were n.trees = 1600, interaction.depth = 14, shrinkage =
 0.005 and n.minobsinnode = 45.

Stochastic Gradient Boosting 

23101 samples
   28 predictor
    2 classes: 'N', 'Y' 

No pre-processing
Resampling: Cross-Validated (5 fold) 
Summary of sample sizes: 18482, 18481, 18480, 18480, 18481 
Resampling results across tuning parameters:

  interaction.depth  n.minobsinnode  n.trees  ROC        Sens       Spec     
  10                 45              1650     0.8109468  0.9303640  0.5025279
  10                 45              1700     0.8110216  0.9303640  0.5035074
  10                 45              1750     0.8110379  0.9305996  0.5038338
  10                 50              1650     0.8111596  0.9303639  0.5026915
  10                 50              1700     0.8112136  0.9305406  0.5026916
  10                 50              1750     0.8112751  0.9307173  0.5020387
  10                 55              1650     0.8109481  0.9310120  0.5039979
  10                 55              1700     0.8109600  0.9310709  0.5036713
  10                 55              1750     0.8110242  0.9310120  0.5049772
  14                 45              1650     0.8116017  0.9308942  0.5054667
  14                 45              1700     0.8115140  0.9310710  0.5053032
  14                 45              1750     0.8115135  0.9308942  0.5051399
  14                 50              1650     0.8117065  0.9313066  0.5038339
  14                 50              1700     0.8116916  0.9314833  0.5039971
  14                 50              1750     0.8116711  0.9315423  0.5038337
  14                 55              1650     0.8111894  0.9314834  0.5030184
  14                 55              1700     0.8111726  0.9314245  0.5028553
  14                 55              1750     0.8111762  0.9314834  0.5028554
  16                 45              1650     0.8113511  0.9312476  0.5025286
  16                 45              1700     0.8113677  0.9311887  0.5026920
  16                 45              1750     0.8113052  0.9310120  0.5031815
  16                 50              1650     0.8117330  0.9302461  0.5033451
  16                 50              1700     0.8117006  0.9303640  0.5036712
  16                 50              1750     0.8116923  0.9303050  0.5031817
  16                 55              1650     0.8113656  0.9310709  0.5036707
  16                 55              1700     0.8113844  0.9305996  0.5038337
  16                 55              1750     0.8113325  0.9308352  0.5035073

Tuning parameter 'shrinkage' was held constant at a value of 0.005
ROC was used to select the optimal model using the largest value.
The final values used for the model were n.trees = 1650, interaction.depth = 16, shrinkage =
 0.005 and n.minobsinnode = 50.


Stochastic Gradient Boosting 

23101 samples
   28 predictor
    2 classes: 'N', 'Y' 

No pre-processing
Resampling: Cross-Validated (5 fold) 
Summary of sample sizes: 18481, 18481, 18482, 18480, 18480 
Resampling results across tuning parameters:

  interaction.depth  n.minobsinnode  n.trees  ROC        Sens       Spec     
  10                 45              1800     0.8107655  0.9307760  0.5057873
  10                 45              1900     0.8107691  0.9305993  0.5051345
  10                 50              1800     0.8109408  0.9303636  0.5046451
  10                 50              1900     0.8110330  0.9302458  0.5052981
  10                 55              1800     0.8108881  0.9303637  0.5033395
  10                 55              1900     0.8109360  0.9305993  0.5026870
  14                 45              1800     0.8114332  0.9313062  0.5054614
  14                 45              1900     0.8114397  0.9311295  0.5043189
  14                 50              1800     0.8111297  0.9301869  0.5041562
  14                 50              1900     0.8110908  0.9303047  0.5044825
  14                 55              1800     0.8111601  0.9303636  0.5041558
  14                 55              1900     0.8111585  0.9299512  0.5039925
  16                 45              1800     0.8113302  0.9307760  0.5069305
  16                 45              1900     0.8112805  0.9305993  0.5072569
  16                 50              1800     0.8112323  0.9301279  0.5067670
  16                 50              1900     0.8110563  0.9305992  0.5059509
  16                 55              1800     0.8113722  0.9305993  0.5035033
  16                 55              1900     0.8112879  0.9304814  0.5039927

Tuning parameter 'shrinkage' was held constant at a value of 0.005
ROC was used to select the optimal model using the largest value.
The final values used for the model were n.trees = 1900, interaction.depth = 14, shrinkage =
 0.005 and n.minobsinnode = 45.


